tau_nom_h:
  C1: 926.7740505827582
  C2: 13947.132134612531
  C3: 441.78499238852055
  C4: 1900.4788159061447
  C5: 2792.7563117208083
  C6: 13468.464871267286
validated_on: full fleet (printer_id 0..99)
penalised_value: 10099954395.127293
annual_cost_eur_per_printer_year: 3697072.8983027646
availability: 0.04000456048727064
preventive_cost_eur_per_printer_year: 0.0
corrective_cost_eur_per_printer_year: 3697072.8983027646
