tau_nom_d:
  C1: 8.294581947472240
  C2: 694.800490080838250
  C3: 9.232587344178633
  C4: 25.041561326584630
  C5: 32.108788927487314
  C6: 66.487852892284800
validated_on: full fleet (printer_id 0..99)
penalised_value: 10500000000.0
annual_cost_eur_per_printer_year: 4701527.995893786
availability: 0.0
preventive_cost_eur_per_printer_year: 21389.171981932657
corrective_cost_eur_per_printer_year: 4680138.823911853
