tau_nom_h:
  C1: 199.06996673933375
  C2: 16675.211761940118
  C3: 269.7515483335113
  C4: 600.9974718380311
  C5: 770.6109342596955
  C6: 1595.7084694148352
validated_on: full fleet (printer_id 0..99)
penalised_value: 10500000000.0
annual_cost_eur_per_printer_year: 5634559.370859567
availability: 0.0
preventive_cost_eur_per_printer_year: 20.697166712291267
corrective_cost_eur_per_printer_year: 5634538.673692855
