evaluated_on: test printers (id 85..99)
fleet_value: 6099556680.962374
fleet_annual_cost_eur_per_printer_year: 2755087.8490281967
fleet_availability: 0.4400443319037625
fleet_deficit: 0.5099556680962374
ensemble_size: 3
config:
  total_timesteps_per_seed: 20000
  n_steps: 180
  spr_weight: 0.5
  spr_k: 2
  features_dim: 64
